-0.444005605869268
0.66537065200238
0.531250420457002
-0.791495127956696
-0.81804864129553
0.560853941661491
-0.358135901611662
0.560599643187336
0.557990951489194
-0.005977123540304
-0.00180916939284059
-0.000615573658017676
0.538158863790155
0.531030373528538
0.521304354447972
-2.40820727480662E-05
-1.28294175563148E-05
-7.4417316765496E-06
0.479957375552603
0.469098371556522
-2.04046134266722E-06
0.445113781771298
0.43225949431278
-8.44573998404208E-07
-6.72851069083436E-07
0.394433247732566
-4.60470209739938E-07
0.371359910807501
0.359693227078164
-3.08250980296521E-07
-2.78877509862774E-07
-2.54842361546714E-07
0.318451818787494
0.309394947061313
0.299976721863672
-2.00634698077629E-07
-1.92891011496776E-07
-1.86547196689979E-07
0.26763058137876
0.260704759841311
-1.74532883479017E-07
0.24735197072288
0.240957791340685
-1.70644183006274E-07
-1.70319562342591E-07
0.223759501172271
-1.70426978085558E-07
0.214068467182811
0.209434037096476
-1.73180578988408E-07
-1.74497599259027E-07
-1.75691479586959E-07
0.193690598711254
0.190324752505852
0.186887803642581
-1.8274095270332E-07
-1.84492115251622E-07
-1.8635500664832E-07
0.175138144859702
0.172602174933207
-1.92371765961319E-07
0.167678497950597
0.165290685477938
-1.99454465166227E-07
-2.01835006596873E-07
0.158754140702588
-2.06408918401735E-07
0.154966791046146
0.153111430743523
-2.13643982172051E-07
-2.16034466760107E-07
-2.1820876405787E-07
0.146627706890017
0.145189018806564
0.143682387894859
-2.27733885194148E-07
-2.29731784595621E-07
-2.31871599698508E-07
0.138375106588343
0.137186064226196
-2.38305853494936E-07
0.134812456455208
0.133628987503512
-2.45220123984424E-07
-2.47471718450853E-07
0.130303482493335
-2.51741421153362E-07
0.128316974625123
0.127318423925065
-2.58320879908958E-07
-2.60463948742462E-07
-2.62407908957485E-07
0.12374133944743
0.122924049996441
0.122050379475633
-2.70950509917434E-07
-2.72597361905547E-07
-2.7447309813855E-07
0.118908091298088
0.118186710784688
-2.80108558237124E-07
0.116720439784708
0.115976727625748
-2.86169469676523E-07
-2.88141795312669E-07
0.113854551652336
-2.91881120273452E-07
0.112564806892753
0.111907056745552
-2.97664272563836E-07
-2.99550160898221E-07
-3.01257675583422E-07
0.109518940222123
0.108964694110689
0.108365713349137
-3.08915958147082E-07
-3.1027056934807E-07
-3.1193211591507E-07
0.10618786293965
0.105681481376272
-3.16944200107194E-07
0.10464256199456
0.104110921575109
-3.22371405792055E-07
-3.24140606799972E-07
0.102581741174803
-3.27497605701055E-07
0.101643913881646
0.101161995798066
-3.3271286670189E-07
-3.34416665359605E-07
-3.35957544339571E-07
0.0993997003926932
0.0989872138546347
0.0985388275546844
-3.4300194040604E-07
-3.44138246011205E-07
-3.45648694999312E-07
0.0968987359553272
0.0965146502912111
-3.50218488098797E-07
0.0957225113732432
0.0953151090347523
-3.55190504564007E-07
-3.56813313229232E-07
0.0941378443796169
-3.59894321788623E-07
0.0934119300714775
0.0930372182658118
-3.64695241117374E-07
-3.66265545226341E-07
-3.67684600766083E-07
0.0916609508525129
0.0913371138631915
0.0909838253917296
-3.74283541937359E-07
-3.7524752682927E-07
-3.76645240773854E-07
0.0896866450065777
0.0893814518069937
-3.80882283601558E-07
0.0887498907935796
0.0884240014801204
-3.85506864541973E-07
-3.87017447978089E-07
0.0874793758520476
-3.89886455898214E-07
0.0868947681611173
0.0865920702050835
-3.94366105216371E-07
-3.95832465582835E-07
-3.97156852627312E-07
0.0854769323459986
0.0852135681220847
0.084925532908181
-4.03413161098598E-07
-4.0423404623624E-07
-4.05542785464341E-07
0.0838650780736827
0.0836147479731675
-4.09515625521273E-07
0.0830954626220141
0.0828268681170364
-4.13861532266857E-07
-4.15281840360215E-07
0.0820465621442928
-4.17980087652481E-07
0.0815623373774148
0.0813110462372989
-4.22199295080361E-07
-4.2358116014718E-07
-4.24828707323854E-07
0.0803831974275852
0.0801634558268536
0.0799226788888565
-4.30810487950239E-07
-4.31508428877514E-07
-4.32744189260426E-07
0.0790343914078207
0.0788241690153921
